success,aero_AVL.chord_w,aero_MTOW.CL,struct_weight.taper,aero_MTOW.CD,aero_MTOW.Sref,aero_MTOW.EW,obj_comp.PAYLOAD,struct_weight.b_w,aero_AVL.taper,struct_weight.chord_w,aero_AVL.b_w,aero_AVL.oswald,aero_MTOW.TO_vel,aero_MTOW.MTOW,taper,struct_weight.EW,aero_AVL.CL,aero_AVL.Sref,aero_MTOW.TO_time,chord_w,obj,b_w,aero_MTOW.TO_length,PAYLOAD,aero_AVL.CD,Derivatives
1,1.3,2.102,1.0,0.11822,5.2,0.0,5.26115157547,8.0,1.0,1.3,8.0,3.8665,20.1223244113,5.26115157547,1.0,0.0,2.102,5.2,15.3658,1.3,5.26115157547,8.0,200.000305531,5.26115157547,0.11822,
1,,,,,,,,,,,,,,,,,,,,,,,,,,"[array([[ 73318.11485291,  21972.54638672,  61874.08027649]])]"
1,0.569700519078,2.05987,0.0925947043579,0.11606,0.31508,0.0,1.60081526299,2.02474560136,0.0925947043579,0.569700519078,2.02474560136,3.648,45.5508235854,1.60081526299,0.0925947043579,0.0,2.05987,0.31508,7.7601,0.569700519078,1.60081526299,2.02474560136,199.99308309,1.60081526299,0.11606,
1,0.934844759332,2.21557,0.54629051811,0.11253,1.8114,0.0,3.79600997543,5.01232779841,0.54629051811,0.934844759332,5.01232779841,3.9695,28.2078508157,3.79600997543,0.54629051811,0.0,2.21557,1.8114,12.1604,0.934844759332,3.79600997543,5.01232779841,199.993049894,3.79600997543,0.11253,
1,1.11742017808,2.1675,0.773142523556,0.11661,3.2227,0.0,4.6335607193,6.50614588597,0.773142523556,1.11742017808,6.50614588597,3.9293,23.6224116161,4.6335607193,0.773142523556,0.0,2.1675,3.2227,13.8505,1.11742017808,4.6335607193,6.50614588597,199.993075554,4.6335607193,0.11661,
1,1.20870914599,2.13614,0.886570090033,0.12007,4.1348,0.0,4.93537805786,7.25306522706,0.886570090033,1.20870914599,7.25306522706,3.8992,21.6807397561,4.93537805786,0.886570090033,0.0,2.13614,4.1348,14.6163,1.20870914599,4.93537805786,7.25306522706,200.009805922,4.93537805786,0.12007,
1,1.25435408347,2.11931,0.943284436781,0.12276,4.6475,0.0,5.03669591064,7.6265286083,0.943284436781,1.25435408347,7.6265286083,3.883,20.7406200369,5.03669591064,0.943284436781,0.0,2.11931,4.6475,14.9799,1.25435408347,5.03669591064,7.6265286083,200.007334196,5.03669591064,0.12276,
1,1.27717670446,2.11073,0.971641799318,0.11627,4.9187,0.0,5.2315496727,7.81326154457,0.971641799318,1.27717670446,7.81326154457,3.8748,20.588754152,5.2315496727,0.971641799318,0.0,2.11073,4.9187,15.1922,1.27717670446,5.2315496727,7.81326154457,200.008373636,5.2315496727,0.11627,
1,1.28858830775,2.10637,0.985820844391,0.11876,5.0581,0.0,5.21674872131,7.90663040834,0.985820844391,1.28858830775,7.90663040834,3.8707,20.2952882263,5.21674872131,0.985820844391,0.0,2.10637,5.0581,15.2729,1.28858830775,5.21674872131,7.90663040834,200.009701711,5.21674872131,0.11876,
1,1.29429408715,2.10419,0.992910339293,0.11852,5.1287,0.0,5.23833979988,7.95331465826,0.992910339293,1.29429408715,7.95331465826,3.8686,20.2072233433,5.23833979988,0.992910339293,0.0,2.10419,5.1287,15.3189,1.29429408715,5.23833979988,7.95331465826,199.998633745,5.23833979988,0.11852,
1,1.2971470093,2.1031,0.996455127056,0.11836,5.1643,0.0,5.25001271515,7.97665704867,0.996455127056,1.2971470093,7.97665704867,3.8676,20.1651204711,5.25001271515,0.996455127056,0.0,2.1031,5.1643,15.3428,1.2971470093,5.25001271515,7.97665704867,200.006085007,5.25001271515,0.11836,
1,1.29857348791,2.10256,0.998227542731,0.1166,5.1821,0.0,5.29060089111,7.98832838739,0.998227542731,1.29857348791,7.98832838739,3.8671,20.2107119937,5.29060089111,0.998227542731,0.0,2.10256,5.1821,15.3621,1.29857348791,5.29060089111,7.98832838739,200.009942902,5.29060089111,0.1166,
1,1.2992867882,2.10228,0.999113826345,0.11878,5.1911,0.0,5.24749502754,7.99416455573,0.999113826345,1.2992867882,7.99416455573,3.8668,20.1120787313,5.24749502754,0.999113826345,0.0,2.10228,5.1911,15.3576,1.2992867882,5.24749502754,7.99416455573,199.997851398,5.24749502754,0.11878,
1,,,,,,,,,,,,,,,,,,,,,,,,,,"[array([[ 38528.2497406 ,  43945.09277344,  47225.71601868]])]"
1,0.522368233344,2.10833,0.0282487761597,0.11136,0.27136,0.0,1.50800414257,2.02081148805,0.0282487761597,0.522368233344,2.02081148805,3.4395,47.0888160249,1.50800414257,0.0282487761597,0.0,2.10833,0.27136,7.5227,0.522368233344,1.50800414257,2.02081148805,200.004158282,1.50800414257,0.11136,
1,0.910823195046,2.24362,0.513675908165,0.11266,1.7259,0.0,3.74893684654,5.00745484033,0.513675908165,0.910823195046,5.00745484033,3.9692,28.5382778523,3.74893684654,0.513675908165,0.0,2.24362,1.7259,12.0602,0.910823195046,3.74893684654,5.00745484033,200.00010715,3.74893684654,0.11266,
1,1.10505326215,2.1825,0.756392706042,0.11592,3.1544,0.0,4.62875422478,6.50079640093,0.756392706042,1.10505326215,6.50079640093,3.9321,23.7822768032,4.62875422478,0.756392706042,0.0,2.1825,3.1544,13.8092,1.10505326215,4.62875422478,6.50079640093,200.000750602,4.62875422478,0.11592,
1,1.20216931109,2.14271,0.87775237385,0.11662,4.0901,0.0,4.98603698425,7.24747498809,0.87775237385,1.20216931109,7.24747498809,3.9006,21.8768729131,4.98603698425,0.87775237385,0.0,2.14271,4.0901,14.6052,1.20216931109,4.98603698425,7.24747498809,200.003071467,4.98603698425,0.11662,
1,1.2507277479,2.12276,0.938432723025,0.12294,4.6191,0.0,5.03036354485,7.62081745193,0.938432723025,1.2507277479,7.62081745193,3.8839,20.774311741,5.03036354485,0.938432723025,0.0,2.12276,4.6191,14.9636,1.2507277479,5.03036354485,7.62081745193,199.997653566,5.03036354485,0.12294,
1,1.27500701746,2.1125,0.968772961538,0.11856,4.8996,0.0,5.18371360817,7.80748907717,0.968772961538,1.27500701746,7.80748907717,3.8754,20.525681514,5.18371360817,0.968772961538,0.0,2.1125,4.8996,15.1712,1.27500701746,5.18371360817,7.80748907717,199.999248869,5.18371360817,0.11856,
1,1.28714682922,2.1074,0.983943301957,0.11648,5.0439,0.0,5.26038863983,7.9008262505,0.983943301957,1.28714682922,7.9008262505,3.8711,20.403667154,5.26038863983,0.983943301957,0.0,2.1074,5.0439,15.2747,1.28714682922,5.26038863983,7.9008262505,200.007706217,5.26038863983,0.11648,
1,1.29321682359,2.10485,0.991528582746,0.11848,5.1172,0.0,5.2370428093,7.94749551752,0.991528582746,1.29321682359,7.94749551752,3.8689,20.224235085,5.2370428093,0.991528582746,0.0,2.10485,5.1172,15.3125,1.29321682359,5.2370428093,7.94749551752,200.002466004,5.2370428093,0.11848,
1,1.29625179384,2.10356,0.995321189471,0.11947,5.154,0.0,5.22498842621,7.97082994388,0.995321189471,1.29625179384,7.97082994388,3.8679,20.1348879664,5.22498842621,0.995321189471,0.0,2.10356,5.154,15.3311,1.29625179384,5.22498842621,7.97082994388,199.994892603,5.22498842621,0.11947,
1,1.29776926505,2.10292,0.997217475449,0.11912,5.1725,0.0,5.23627987366,7.9824970501,0.997217475449,1.29776926505,7.9824970501,3.8673,20.123608478,5.23627987366,0.997217475449,0.0,2.10292,5.1725,15.344,1.29776926505,5.23627987366,7.9824970501,199.990140485,5.23627987366,0.11912,
1,1.29852801368,2.10261,0.998165634722,0.11727,5.1818,0.0,5.27671546249,7.9883307034,0.998165634722,1.29852801368,7.9883307034,3.8671,20.1845082667,5.27671546249,0.998165634722,0.0,2.10261,5.1818,15.3588,1.29852801368,5.27671546249,7.9883307034,200.005875171,5.27671546249,0.11727,
1,,,,,,,,,,,,,,,,,,,,,,,,,,"[array([[   991.81632996, -55999.47586059, -33721.7552185 ]])]"
1,0.501190586637,2.78325,0.0132341643409,0.04387,1.1436,0.0,3.88451050949,9.00783893416,0.0132341643409,0.501190586637,9.00783893416,3.181,32.0414852995,3.88451050949,0.0132341643409,0.0,2.78325,1.1436,11.6914,0.501190586637,3.88451050949,9.00783893416,200.00581057,3.88451050949,0.04387,
1,0.899841499251,2.51675,0.505677910503,0.0827,2.8785,0.0,5.30463890686,8.49810757975,0.505677910503,0.899841499251,8.49810757975,3.9287,24.8188203897,5.30463890686,0.505677910503,0.0,2.51675,2.8785,14.1661,0.899841499251,5.30463890686,8.49810757975,199.999375944,5.30463890686,0.0827,
1,1.09918511348,2.31637,0.751922213626,0.10029,3.9685,0.0,5.47614683838,8.24321868508,0.751922213626,1.09918511348,8.24321868508,3.9002,22.3860357541,5.47614683838,0.751922213626,0.0,2.31637,3.9685,14.8828,1.09918511348,5.47614683838,8.24321868508,200.004127651,5.47614683838,0.10029,
1,1.19885911336,2.21034,0.87504707385,0.11384,4.5609,0.0,5.33042613144,8.11577143399,0.87504707385,1.19885911336,8.11577143399,3.8831,21.0902787814,5.33042613144,0.87504707385,0.0,2.21034,4.5609,15.122,1.19885911336,5.33042613144,8.11577143399,199.999403651,5.33042613144,0.11384,
1,1.24869425023,2.15659,0.936607202564,0.11231,4.8679,0.0,5.37559192123,8.05205019064,0.936607202564,1.24869425023,8.05205019064,3.8749,20.7546092758,5.37559192123,0.936607202564,0.0,2.15659,4.8679,15.2612,1.24869425023,5.37559192123,8.05205019064,200.007111333,5.37559192123,0.11231,
1,1.27361239608,2.12958,0.967387980187,0.11433,5.024,0.0,5.33836066208,8.02018883066,0.967387980187,1.27361239608,8.02018883066,3.871,20.4874748571,5.33836066208,0.967387980187,0.0,2.12958,5.024,15.313,1.27361239608,5.33836066208,8.02018883066,200.002715391,5.33836066208,0.11433,
1,1.286070993,2.1162,0.982777780998,0.11823,5.1027,0.0,5.25901535568,8.00425875931,0.982777780998,1.286070993,8.00425875931,3.869,20.2408997051,5.25901535568,0.982777780998,0.0,2.1162,5.1027,15.3259,1.286070993,5.25901535568,8.00425875931,200.009669448,5.25901535568,0.11823,
1,1.29229927703,2.10937,0.9904714283,0.11844,5.1422,0.0,5.25359851265,7.99629502073,0.9904714283,1.29229927703,7.99629502073,3.868,20.1852184953,5.25359851265,0.9904714283,0.0,2.10937,5.1422,15.3388,1.29229927703,5.25359851265,7.99629502073,199.997927821,5.25359851265,0.11844,
1,1.29541334976,2.10598,0.994318166375,0.11694,5.162,0.0,5.28396335106,7.99231324002,0.994318166375,1.29541334976,7.99231324002,3.8675,20.2208797152,5.28396335106,0.994318166375,0.0,2.10598,5.162,15.3527,1.29541334976,5.28396335106,7.99231324002,199.999782849,5.28396335106,0.11694,
1,1.29697077439,2.10429,0.996242015013,0.11668,5.1719,0.0,5.28907501984,7.99032185323,0.996242015013,1.29697077439,7.99032185323,3.8673,20.2193897053,5.28907501984,0.996242015013,0.0,2.10429,5.1719,15.3572,1.29697077439,5.28907501984,7.99032185323,199.99522006,5.28907501984,0.11668,
1,1.29774955203,2.10344,0.997204020031,0.11582,5.1768,0.0,5.30677512665,7.9893260763,0.997204020031,1.29774955203,7.9893260763,3.8672,20.2476932584,5.30677512665,0.997204020031,0.0,2.10344,5.1768,15.3632,1.29774955203,5.30677512665,7.9893260763,200.002457563,5.30677512665,0.11582,
1,,,,,,,,,,,,,,,,,,,,,,,,,,"[array([[-11749.20883179, -40130.4145813 , -14343.19000244]])]"
1,0.509392640372,2.5981,0.944801953193,0.0657,2.2067,0.0,4.96574289627,8.9101070697,0.944801953193,0.509392640372,8.9101070697,3.6112,26.9928499761,4.96574289627,0.944801953193,0.0,2.5981,2.2067,13.4512,0.509392640372,4.96574289627,8.9101070697,199.994893171,4.96574289627,0.0657,
1,0.903565725057,2.33949,0.971002629592,0.09875,3.7621,0.0,5.42670860901,8.44972284635,0.971002629592,0.903565725057,8.44972284635,3.7868,22.7745322842,5.42670860901,0.971002629592,0.0,2.33949,3.7621,14.7415,0.903565725057,5.42670860901,8.44972284635,199.995788502,5.42670860901,0.09875,
1,1.10065952741,2.21892,0.984103450365,0.10832,4.4875,0.0,5.41709561996,8.21952225518,0.984103450365,1.10065952741,8.21952225518,3.8339,21.3927356852,5.41709561996,0.984103450365,0.0,2.21892,4.4875,15.1063,1.10065952741,5.41709561996,8.21952225518,200.006980542,5.41709561996,0.10832,
1,1.19920627717,2.16063,0.990653850686,0.1135,4.8367,0.0,5.34888917389,8.10442213643,0.990653850686,1.19920627717,8.10442213643,3.8518,20.7502265098,5.34888917389,0.990653850686,0.0,2.16063,4.8367,15.2404,1.19920627717,5.34888917389,8.10442213643,200.008431997,5.34888917389,0.1135,
1,1.24847857786,2.13187,0.993928979446,0.11666,5.0079,0.0,5.29060089111,8.04687333169,0.993928979446,1.24847857786,8.04687333169,3.8598,20.4173888283,5.29060089111,0.993928979446,0.0,2.13187,5.0079,15.295,1.24847857786,5.29060089111,8.04687333169,199.996532642,5.29060089111,0.11666,
1,1.27311381021,2.11762,0.995566482806,0.11728,5.0927,0.0,5.27793615952,8.01810000152,0.995566482806,1.27311381021,8.01810000152,3.8636,20.2903627793,5.27793615952,0.995566482806,0.0,2.11762,5.0927,15.3252,1.27311381021,5.27793615952,8.01810000152,199.999539871,5.27793615952,0.11728,
1,1.2854312269,2.11053,0.996385221227,0.11946,5.1348,0.0,5.23269407616,8.00371356942,0.996385221227,1.2854312269,8.00371356942,3.8654,20.1539994998,5.23269407616,0.996385221227,0.0,2.11053,5.1348,15.3315,1.2854312269,5.23269407616,8.00371356942,199.998382446,5.23269407616,0.11946,
1,1.29158922251,2.10699,0.996794543061,0.11841,5.1558,0.0,5.25375109978,7.99652118584,0.996794543061,1.29158922251,7.99652118584,3.8663,20.1702665841,5.25375109978,0.996794543061,0.0,2.10699,5.1558,15.3439,1.29158922251,5.25375109978,7.99652118584,199.999728184,5.25375109978,0.11841,
1,1.29466855194,2.10521,0.996999226022,0.11858,5.1663,0.0,5.25001271515,7.99292460671,0.996999226022,1.29466855194,7.99292460671,3.8667,20.1510817217,5.25001271515,0.996999226022,0.0,2.10521,5.1663,15.3473,1.29466855194,5.25001271515,7.99292460671,200.004532183,5.25001271515,0.11858,
1,1.29620815749,2.10434,0.997101563569,0.11582,5.1716,0.0,5.30692771378,7.99112638625,0.997101563569,1.29620815749,7.99112638625,3.867,20.2538180675,5.30692771378,0.997101563569,0.0,2.10434,5.1716,15.3615,1.29620815749,5.30692771378,7.99112638625,200.005222428,5.30692771378,0.11582,
1,1.29697885716,2.10389,0.99715279196,0.11607,5.1742,0.0,5.30158716431,7.99022622847,0.99715279196,1.29697885716,7.99022622847,3.8671,20.240728217,5.30158716431,0.99715279196,0.0,2.10389,5.1742,15.3605,1.29697885716,5.30158716431,7.99022622847,199.991076087,5.30158716431,0.11607,
1,,,,,,,,,,,,,,,,,,,,,,,,,,"[array([[-39214.89181519,  -4272.4395752 ,  -5111.66877747]])]"
1,1.29734094997,2.1027,1.0,0.11734,5.1848,0.0,5.27625770111,7.99292305102,1.0,1.29734094997,7.99292305102,3.8663,20.1773734428,5.27625770111,1.0,0.0,2.1027,5.1848,15.3603,1.29734094997,5.27625770111,7.99292305102,199.997862871,5.27625770111,0.11734,
1,1.29715994025,2.10329,0.998576684452,0.11918,5.1795,0.0,5.23780574493,7.99157491298,0.998576684452,1.29715994025,7.99157491298,3.8667,20.1111665754,5.23780574493,0.998576684452,0.0,2.10329,5.1795,15.3499,1.29715994025,5.23780574493,7.99157491298,199.999923808,5.23780574493,0.11918,
1,1.29706949116,2.10359,0.997865465193,0.11781,5.1768,0.0,5.26588177643,7.99090125931,0.997865465193,1.29706949116,7.99090125931,3.8669,20.1688149322,5.26588177643,0.997865465193,0.0,2.10359,5.1768,15.3545,1.29706949116,5.26588177643,7.99090125931,199.999347344,5.26588177643,0.11781,
1,1.29702422592,2.10374,0.997509535599,0.11599,5.1755,0.0,5.30341820984,7.99056412942,0.997509535599,1.29702422592,7.99056412942,3.867,20.2423836024,5.30341820984,0.997509535599,0.0,2.10374,5.1755,15.362,1.29702422592,5.30341820984,7.99056412942,200.000314489,5.30341820984,0.11599,
1,1.29700153889,2.10381,0.997331142933,0.11783,5.1749,0.0,5.26527142792,7.9903951592,0.997331142933,1.29700153889,7.9903951592,3.867,20.170278501,5.26527142792,0.997331142933,0.0,2.10381,5.1749,15.353,1.29700153889,5.26527142792,7.9903951592,199.990048311,5.26527142792,0.11783,
1,1.29699025086,2.10385,0.997242382881,0.11766,5.1745,0.0,5.26878093185,7.99031108732,0.997242382881,1.29699025086,7.99031108732,3.8671,20.1775914665,5.26878093185,0.997242382881,0.0,2.10385,5.1745,15.3539,1.29699025086,5.26878093185,7.99031108732,199.99639819,5.26878093185,0.11766,
1,1.29698460191,2.10387,0.997197964109,0.12047,5.1744,0.0,5.21079782333,7.99026901469,0.997197964109,1.29698460191,7.99026901469,3.8671,20.066374524,5.21079782333,0.997197964109,0.0,2.10387,5.1744,15.3417,1.29698460191,5.21079782333,7.99026901469,199.994522253,5.21079782333,0.12047,
1,1.29698186731,2.10388,0.997176461391,0.11901,5.1743,0.0,5.24093378105,7.99024864771,0.997176461391,1.29698186731,7.99024864771,3.8671,20.1244514978,5.24093378105,0.997176461391,0.0,2.10388,5.1743,15.3482,1.29698186731,5.24093378105,7.99024864771,200.000620464,5.24093378105,0.11901,
1,1.29698045551,2.10388,0.997165360103,0.11923,5.1742,0.0,5.23635616722,7.99023813278,0.997165360103,1.29698045551,7.99023813278,3.8671,20.1158566755,5.23635616722,0.997165360103,0.0,2.10388,5.1742,15.3471,1.29698045551,5.23635616722,7.99023813278,199.999088546,5.23635616722,0.11923,
1,,,,,,,,,,,,,,,,,,,,,,,,,,"[array([[ 11367.74101257,   9918.16329956,  18234.16175842]])]"
1,1.29374456334,2.10379,0.999999999288,0.11808,5.1655,0.0,5.25733689728,7.98541401127,0.999999999288,1.29374456334,7.98541401127,3.866,20.1735164023,5.25733689728,0.999999999288,0.0,2.10379,5.1655,15.3454,1.29374456334,5.25733689728,7.98541401127,199.991724064,5.25733689728,0.11808,
1,1.29536296417,2.10383,0.99858228134,0.11704,5.1699,0.0,5.28022496643,7.98782674997,0.99858228134,1.29536296417,7.98782674997,3.8665,20.2085983392,5.28022496643,0.99858228134,0.0,2.10383,5.1699,15.3537,1.29536296417,5.28022496643,7.98782674997,200.002269686,5.28022496643,0.11704,
1,1.29617265982,2.10386,0.997872988539,0.11701,5.1721,0.0,5.28159825058,7.98903385762,0.997872988539,1.29617265982,7.98903385762,3.8668,20.2067714918,5.28159825058,0.997872988539,0.0,2.10386,5.1721,15.3558,1.29617265982,5.28159825058,7.98903385762,200.008801264,5.28159825058,0.11701,
1,1.29657753616,2.10387,0.99751831716,0.11401,5.1732,0.0,5.3440063858,7.98963745396,0.99751831716,1.29657753616,7.98963745396,3.8669,20.3235831553,5.3440063858,0.99751831716,0.0,2.10387,5.1732,15.3701,1.29657753616,5.3440063858,7.98963745396,200.008448178,5.3440063858,0.11401,
1,1.29678130302,2.10388,0.997339817542,0.11744,5.1737,0.0,5.27320595856,7.98994123295,0.997339817542,1.29678130302,7.98994123295,3.867,20.1874895148,5.27320595856,0.997339817542,0.0,2.10388,5.1737,15.3549,1.29678130302,5.27320595856,7.98994123295,200.005929985,5.27320595856,0.11744,
1,1.29688167183,2.10388,0.997251894538,0.11772,5.174,0.0,5.26740764771,7.99009086443,0.997251894538,1.29688167183,7.99009086443,3.867,20.175803472,5.26740764771,0.997251894538,0.0,2.10388,5.174,15.353,1.29688167183,5.26740764771,7.99009086443,199.990323623,5.26740764771,0.11772,
1,1.29693172783,2.10388,0.997208045517,0.11942,5.1741,0.0,5.23246519547,7.99016548875,0.997208045517,1.29693172783,7.99016548875,3.8671,20.1085698731,5.23246519547,0.997208045517,0.0,2.10388,5.1741,15.3467,1.29693172783,5.23246519547,7.99016548875,200.007578721,5.23246519547,0.11942,
1,1.29695600702,2.10389,0.997186776965,0.11729,5.1742,0.0,5.27641028824,7.99020168456,0.997186776965,1.29695600702,7.99020168456,3.8671,20.192594939,5.27641028824,0.997186776965,0.0,2.10389,5.1742,15.3554,1.29695600702,5.27641028824,7.99020168456,199.996557212,5.27641028824,0.11729,
1,1.29696904206,2.10388,0.997175358278,0.11941,5.1742,0.0,5.23261778259,7.99022111742,0.997175358278,1.29696904206,7.99022111742,3.8671,20.1086738475,5.23261778259,0.997175358278,0.0,2.10388,5.1742,15.3461,1.29696904206,5.23261778259,7.99022111742,199.994997835,5.23261778259,0.11941,
1,1.29697466657,2.10389,0.997170431213,0.11798,5.1742,0.0,5.26221968536,7.99022950253,0.997170431213,1.29697466657,7.99022950253,3.8671,20.1654189178,5.26221968536,0.997170431213,0.0,2.10389,5.1742,15.3529,1.29697466657,5.26221968536,7.99022950253,200.005779131,5.26221968536,0.11798,
1,1.29697803077,2.10388,0.997167484171,0.11596,5.1742,0.0,5.30387597122,7.99023451794,0.997167484171,1.29697803077,7.99023451794,3.8671,20.245128503,5.30387597122,0.997167484171,0.0,2.10388,5.1742,15.3612,1.29697803077,5.30387597122,7.99023451794,199.994973103,5.30387597122,0.11596,
1,,,,,,,,,,,,,,,,,,,,,,,,,,"[array([[ -43945.09277344,   28838.96713257, -110015.31906128]])]"
1,1.294837835,2.10318,1.0,0.11736,5.169,0.0,5.27213784866,7.98400204801,1.0,1.294837835,7.98400204801,3.8662,20.1979901483,5.27213784866,1.0,0.0,2.10318,5.169,15.3504,1.294837835,5.27213784866,7.98400204801,200.002457748,5.27213784866,0.11736,
1,1.29590743872,2.10353,0.998584396112,0.11774,5.1716,0.0,5.2657291893,7.9871168439,0.998584396112,1.29590743872,7.9871168439,3.8666,20.178963708,5.2657291893,0.998584396112,0.0,2.10353,5.1716,15.3514,1.29590743872,5.2657291893,7.9871168439,200.005449149,5.2657291893,0.11774,
1,1.29644214041,2.10371,0.997876726741,0.12053,5.1729,0.0,5.20889048424,7.98867395014,0.997876726741,1.29644214041,7.98867395014,3.8669,20.0663563462,5.20889048424,0.997876726741,0.0,2.10371,5.1729,15.3405,1.29644214041,5.20889048424,7.98867395014,200.001681346,5.20889048424,0.12053,
1,1.29670859912,2.1038,0.99752407277,0.117,5.1736,0.0,5.28205601196,7.9894499053,0.99752407277,1.29670859912,7.9894499053,3.867,20.205006923,5.28205601196,0.99752407277,0.0,2.1038,5.1736,15.3561,1.29670859912,5.28205601196,7.9894499053,199.99689673,5.28205601196,0.117,
1,1.2968429745,2.10384,0.997346229042,0.11821,5.1739,0.0,5.25718431015,7.98984122022,0.997346229042,1.2968429745,7.98984122022,3.867,20.1566001991,5.25718431015,0.997346229042,0.0,2.10384,5.1739,15.3507,1.2968429745,5.25718431015,7.98984122022,199.990042293,5.25718431015,0.11821,
1,1.29690976807,2.10386,0.997257828798,0.1221,5.1741,0.0,5.17722865524,7.99003572994,0.997257828798,1.29690976807,7.99003572994,3.867,20.0022474495,5.17722865524,0.997257828798,0.0,2.10386,5.1741,15.3355,1.29690976807,5.17722865524,7.99003572994,200.008371102,5.17722865524,0.1221,
1,1.2969418076,2.10387,0.997215424973,0.11982,5.1742,0.0,5.22422549057,7.99012903235,0.997215424973,1.2969418076,7.99012903235,3.8671,20.0926050983,5.22422549057,0.997215424973,0.0,2.10387,5.1742,15.3451,1.2969418076,5.22422549057,7.99012903235,200.008647753,5.22422549057,0.11982,
1,1.29695858851,2.10387,0.997193215707,0.11628,5.1742,0.0,5.29731472473,7.99017790007,0.997193215707,1.29695858851,7.99017790007,3.8671,20.2326555618,5.29731472473,0.997193215707,0.0,2.10387,5.1742,15.3604,1.29695858851,5.29731472473,7.99017790007,200.006535195,5.29731472473,0.11628,
1,1.29696820644,2.10388,0.997180486519,0.11824,5.1742,0.0,5.25672654877,7.99020590849,0.997180486519,1.29696820644,7.99020590849,3.8671,20.1549629402,5.25672654877,0.997180486519,0.0,2.10388,5.1742,15.3509,1.29696820644,5.25672654877,7.99020590849,199.99091615,5.25672654877,0.11824,
1,,,,,,,,,,,,,,,,,,,,,,,,,,"[array([[ 29601.902771  ,   3814.67819214,  14953.53851318]])]"
1,1.29697498235,2.10389,0.997136141745,0.11903,5.1741,0.0,5.24047601967,7.99011456535,0.997136141745,1.29697498235,7.99011456535,3.8671,20.1239009426,5.24047601967,0.997136141745,0.0,2.10389,5.1741,15.3479,1.29697498235,5.24047601967,7.99011456535,199.998859385,5.24047601967,0.11903,
1,1.29697163007,2.10388,0.997158080702,0.11716,5.1741,0.0,5.27908056297,7.99015975609,0.997158080702,1.29697163007,7.99015975609,3.8671,20.1979607588,5.27908056297,0.997158080702,0.0,2.10388,5.1741,15.3562,1.29697163007,5.27908056297,7.99015975609,200.002261753,5.27908056297,0.11716,
1,1.29696987104,2.10389,0.997169592604,0.11561,5.1742,0.0,5.31120015335,7.99018346876,0.997169592604,1.29696987104,7.99018346876,3.8671,20.2590756359,5.31120015335,0.997169592604,0.0,2.10389,5.1742,15.3634,1.29696987104,5.31120015335,7.99018346876,200.005886087,5.31120015335,0.11561,
1,1.29696893515,2.10389,0.997175717516,0.11951,5.1742,0.0,5.23063414993,7.9901960851,0.997175717516,1.29696893515,7.9901960851,3.8671,20.104806367,5.23063414993,0.997175717516,0.0,2.10389,5.1742,15.3462,1.29696893515,5.23063414993,7.9901960851,200.003920066,5.23063414993,0.11951,
1,,,,,,,,,,,,,,,,,,,,,,,,,,"[array([[ 39367.47894287,  16479.40979004,  39825.24032593]])]"
1,1.29703699994,2.10415,0.995871579152,0.12048,5.1688,0.0,5.20957712631,7.98666867649,0.995871579152,1.29703699994,7.98666867649,3.8675,20.0735305306,5.20957712631,0.995871579152,0.0,2.10415,5.1688,15.3386,1.29703699994,5.20957712631,7.98666867649,199.9996974,5.20957712631,0.12048,
1,1.29700297426,2.10401,0.996523519696,0.11618,5.1715,0.0,5.29884059601,7.98843203286,0.996523519696,1.29700297426,7.98843203286,3.8673,20.2401963594,5.29884059601,0.996523519696,0.0,2.10401,5.1715,15.3593,1.29700297426,5.29884059601,7.98843203286,200.007771539,5.29884059601,0.11618,
1,1.29698593299,2.10395,0.996850034667,0.11646,5.1729,0.0,5.29334745941,7.98931518434,0.996850034667,1.29698593299,7.98931518434,3.8672,20.2272438612,5.29334745941,0.996850034667,0.0,2.10395,5.1729,15.3588,1.29698593299,5.29334745941,7.98931518434,200.005758739,5.29334745941,0.11646,
1,1.29697741413,2.10392,0.997013258235,0.12129,5.1735,0.0,5.1937843586,7.98975666833,0.997013258235,1.29697741413,7.98975666833,3.8671,20.0350789414,5.1937843586,0.997013258235,0.0,2.10392,5.1735,15.338,1.29697741413,5.1937843586,7.98975666833,199.998883312,5.1937843586,0.12129,
1,1.29697318642,2.1039,0.997094262178,0.11761,5.1739,0.0,5.26969645462,7.98997576625,0.997094262178,1.29697318642,7.98997576625,3.8671,20.1802766434,5.26969645462,0.997094262178,0.0,2.1039,5.1739,15.3535,1.29697318642,5.26969645462,7.98997576625,199.991125303,5.26969645462,0.11761,
1,1.2969710484,2.10389,0.997135227043,0.11647,5.174,0.0,5.29334745941,7.99008656724,0.997135227043,1.2969710484,7.99008656724,3.8671,20.2253682406,5.29334745941,0.997135227043,0.0,2.10389,5.174,15.3593,1.2969710484,5.29334745941,7.99008656724,200.003799807,5.29334745941,0.11647,
